The accuracy of tagger.py is: 82.39%.

Predicted Tag  #    $   ''   (   )     ,     .    :    CC    CD    DT  EX    IN    JJ  JJR  JJS  LS   MD    NN   NNP  NNPS   NNS  PDT  POS   PRP  PRP$    RB  RBR  RBS  RP    TO   VB   VBD  VBG  VBN  VBP   VBZ  WDT   WP  WP$  WRB   ``
Actual Tag                                                                                                                                                                                                                               
#              5    0    0   0   0     0     0    0     0     0     0   0     0     0    0    0   0    0     0     0     0     0    0    0     0     0     0    0    0   0     0    0     0    0    0    0     0    0    0    0    0    0
$              0  371    0   0   0     0     0    0     0     0     0   0     0     0    0    0   0    0     4     0     0     0    0    0     0     0     0    0    0   0     0    0     0    0    0    0     0    0    0    0    0    0
''             0    0  532   0   0     0     0    0     0     0     0   0     0     0    0    0   0    0     0     0     0     0    0    1     0     0     0    0    0   0     0    0     0    0    0    0     0    0    0    0    0    0
(              0    0    0  72   0     0     0    0     1     0     0   0     1     0    0    0   0    0     0     0     0     1    0    0     0     0     0    0    0   0     0    0     0    0    1    0     0    0    0    0    0    0
)              0    0    0   0  68     0     0    0     0     0     0   0     1     2    0    0   0    0     1     0     0     1    0    1     0     0     1    0    0   0     0    0     0    0    0    1     0    0    0    0    0    0
,              0    0    0   0   0  3070     0    0     0     0     0   0     0     0    0    0   0    0     0     0     0     0    0    0     0     0     0    0    0   0     0    0     0    0    0    0     0    0    0    0    0    0
.              0    0    0   0   0     0  2363    0     0     0     0   0     0     0    0    0   0    0     0     0     0     0    0    0     0     0     0    0    0   0     0    0     0    0    0    0     0    0    0    0    0    0
:              0    0    0   0   0     0    15  320     0     0     0   0     1     0    0    0   0    0     0     0     0     0    0    0     0     0     0    0    0   0     0    0     0    0    0    0     0    0    0    0    0    0
CC             0    0    0   0   0     0     0    0  1360     0    10   0     0     0    0    0   0    1     0     0     0     0    0    0     0     0     2    0    0   0     0    0     0    0    0    0     0    0    0    0    0    0
CD             0    0    1   0   0     0     0    0     0  1498    17   0     0     0    0    0   0    0   416     1     0     0    0    0     2     0     0    0    0   0     0    0     0    0    0    0     0    0    0    0    0    0
DT             0    0    0   0   0     0     0    0     0     5  4759   0    50     1    0    0   0    0     0     0     0     0    1    0     0     0     0    0    0   0     0    0     0    0    0    0     0    2    1    0    0    0
EX             0    0    0   0   0     0     0    0     0     0     0  49     0     0    0    0   0    0     0     0     0     0    0    0     0     0     8    0    0   0     0    0     0    0    0    0     0    0    0    0    0    0
FW             0    0    0   0   0     0     0    0     0     0     0   0     0     0    0    0   0    0    19     1     0     0    0    0     0     0     0    0    0   0     0    0     0    0    0    0     0    0    0    0    0    0
IN             0    0    0   0   0     0     0    0     0     1     5   0  5771    28    0    0   0    0    16     0     0     0    0    0     0     1    29    0    0   9     0    0     0    0    0    0     0    6    0    0    0    0
JJ             0    0    0   0   0     0     0    0     0     0   267   0    12  2113    1    1   0    0  1073    34     0     0    0    0     0     1    64    4    0   0     0    3    25   21   88    3     0    0    2    0    0    0
JJR            0    0    1   0   0     2     0    0     0     0     8   0     2     1  107    0   0    0    16     1     0     0    0    1     0     1     1   57    0   0     0    0     0    0    0    0     0    0    0    0    0    0
JJS            0    0    0   0   0     0     0    1     0     0     3   0     4     0    0  100   0    0    11     0     0     0    0    0     0     0     0    0    5   0     0    0     3    0    0    0     0    0    0    0    0    1
LS             0    0    0   0   0     0     0    0     0     0     0   0     0     0    0    0   4    0     0     0     0     0    0    0     0     0     0    0    0   0     0    0     0    0    0    0     0    0    0    0    0    0
MD             0    0    0   0   0     0     0    0     0     0     0   0     0     1    0    0   0  558    10     0     0     4    0    0     0     0     1    0    0   0     0    0     0    0    1    0     2    7    0    0    0    0
NN             0    0    0   0   0     0     0    0     1    33   508   0     4    83    8    2   0    2  6729    43     0     5    2    0     0     2     2    1    1   0     0   31    17   77    1   27     0    0    1    0    0    0
NNP            0    0    0   0   1     0     0    0     1     4    41   0    30    97    1    0   0    0  2359  3351    37    13    0    0     0     0     1    0    0   0     1    1     0    0    0    0     1    0    0    0    0    0
NNPS           0    0    0   0   0     0     0    0     1     0     0   0     0     5    0    0   0    0    19     2     5    10    0    0     0     0     0    0    0   0     0    0     0    0    0    0     0    0    0    0    0    0
NNS            0    0    0   0   0     0     0    0     0     2    21   0     3    10    7    5   0    0   722     7    17  2625    0    0     0     0     5    0    1   0     0    0     1    0    0    0    87    0    0    0    0    0
PDT            0    0    0   0   0     0     0    0     0     0    13   0     0     4    0    0   0    0     1     0     0     0    0    0     0     0     0    0    0   0     0    0     0    0    0    0     0    0    0    0    0    0
POS            0    0    0   0   0     0     0    0     0     0     0   0     0     0    0    0   0    0     0     0     0     0    0  540     0     0     0    0    0   0     0    0     0    0    0    0    11    0    0    0    0    0
PRP            0    0    0   0   0     0     0    0     0     5     0   0     3     0    0    0   0    0     0     0     0     0    0    0  1044     4     0    0    0   0     0    0     0    0    0    0     0    0    0    0    0    0
PRP$           0    0    0   0   0     0     0    0     0     0     0   0     2     0    1    0   0    0     3     0     0     0    0    0    10   494     0    0    0   0     0    0     0    0    0    0     0    0    0    0    0    0
RB             0    0    0   0   0     0     0    0     6     0    28   5   210    51    0    2   0    0   171     3     0     0    0    0     0     0  1548    7    0  19     0    0     0    0    0    0     0    0    0    0    0    0
RBR            0    0    0   0   0     0     0    0     0     0     9   0     0     2   56    0   0    0     2     0     0     0    0    0     0     0     3   40    0   0     0    0     0    0    0    0     0    0    0    0    0    0
RBS            0    0    1   0   0     0     0    0     0     0     2   0     0     0    0   26   0    0     0     0     0     0    0    0     1     0     0    0    0   0     0    0     0    0    0    0     0    0    0    0    0    0
RP             0    0    0   0   0     0     0    0     0     0     0   0    97     0    0    0   0    0     2     0     0     0    0    0     0     0    14    0    0  64     0    0     0    0    0    0     0    0    0    0    0    0
SYM            0    0    0   0   0     0     0    0     0     0     0   0     0     0    0    0   0    0     1     0     0     0    0    0     0     0     0    0    0   0     0    0     0    0    0    0     0    0    0    0    0    0
TO             0    0    0   0   0     0     0    0     0     4     0   0     0     0    0    0   0    0     0     0     0     0    0    0     0     0     0    0    0   0  1241    0     0    0    0    0     0    0    0    0    0    0
UH             0    0    0   0   0     0     0    0     0     0     1   0     0     0    0    0   0    0     4     0     0     0    0    0     0     0     3    0    0   0     0    0     0    0    0    0     0    0    0    0    0    0
VB             0    0    0   0   0     0     0    0     0     0     0   0     0    17    2    0   0   16   454     0     0     0    0    0     0     1     4    0    0   0   191  553    11    0   17  323     0    0    0    0    0    0
VBD            0    0    0   0   1     1     0    0     0     0     0   0     0     3    0    2   0    0   144     0     0     0    0    0     0     0     0    0    0   0     0    2  1535    0  147    1     0    0    1    0    0    0
VBG            0    0    0   0   0     0     0    0     0     0     2   0     0     4    0    0   0    0   273     0     0     0    0    0     0     0     0    0    0   0     0    0     0  538    0    0     0    0    0    1    0    0
VBN            0    0    0   0   0     0     0    0     0     0     1   0     0    11    0    0   0    1   202     0     0     0    0    0     0     0     1    0    0   0     0    5   140    0  739    0     0    0    0    0    0    0
VBP            0    0    0   0   0     0     0    0     0     1     1   0    12     4    0    0   0    0    79     1     0     0    0    0     0     0     0    0    0   0     0   64     0    0    7  632     0    0    1    0    0    0
VBZ            0    0    0   0   0     0     0    0     0     0     0   0     1     0    2    0   0    0   100     0     0    27    0    5     0     0     0    0    0   0     0    0     0    0    0    0  1101    0    0    0    0    0
WDT            0    0    0   0   0     0     0    0     0     0     0   0   133     0    0    0   0    0     2     0     0     0    0    0     0     0     0    0    0   0     0    0     0    0    0    0     0  144    1    0    0    0
WP             0    0    0   1   0     0     0    0     0     0     0   0     2     0    0    0   0    0     0     0     0     0    0    0     0     0     0    0    0   0     0    0     0    0    0    0     0    0  108    0    0    0
WP$            0    0    0   0   0     0     0    0     1     0     0   0     0     0    0    0   0    0     0     1     0     1    0    0     0     0     0    0    0   0     0    0     0    0    0    0     0    0    0   18    0    0
WRB            0    0    0   0   0     0     0    0     0     0     0   0     0     0    0    0   0    0     2     2     0     0    0    0     0     0     1    0    0   0     0    0     0    1    0    0     0    0    0    0  127    0
``             0    0    0   0   0     0     0    0     0     0    10   0     0     0    1    1   0    0     0     0     0     0    0    0     0     0     0    0    0   0     0    0     0    0    0    0     0    0    0    0    2  521